     26 1
     26 2
     19 3
     10 4
     34 5
     22 6
     21 7
     24 8
     25 9
     18 10
     25 11
     28 12
     19 13
     17 14
     23 15
     19 16
     24 17
     17 18
     20 19
     19 20
     17 21
     22 22
     21 23
     23 24
     21 25
     13 26
     13 27
     24 28
     28 29
     22 30
     26 31
     22 32
     34 33
     15 34
     19 35
     16 36
     16 37
     21 38
     18 39
     18 40
     23 41
     20 42
     11 43
     19 44
     20 45
     21 46
     21 47
     18 48
     20 49
     24 50
     19 51
     18 52
     20 53
     26 54
     16 55
     24 56
     18 57
     13 58
     21 59
     19 60
     12 61
     15 62
     23 63
     13 64
     21 65
     25 66
     19 67
     22 68
     23 69
     20 70
     25 71
     26 72
     20 73
     24 74
     13 75
     15 76
     30 77
     17 78
     26 79
      9 80
     19 81
     25 82
     23 83
     21 84
     22 85
     17 86
     25 87
     18 88
     20 89
     14 90
     20 91
     14 92
     17 93
     15 94
     14 95
     12 96
     15 97
     18 98
     21 99
     16 100
